69,751
69,750
69,749
69,748
69,747
69,746
69,745
69,744
69,743
69,742
69,741
69,740
69,739
69,738
69,737
69,736
69,735
69,734
69,733
69,732
69,731
69,730
69,729
69,728
69,727
69,726
69,725
69,724
69,723
69,722
69,721
69,720
69,719
69,718
69,717
69,716
69,715
69,714
69,713
69,712
69,711
69,710
69,709
69,708
69,707
69,706
69,705
69,704
69,703
69,702
69,701
69,700
69,699
69,698
69,697
69,696
69,695
69,694
69,693
69,692
69,691
69,690
69,689
69,688
69,687
69,686
69,685
69,684
69,683
69,682
69,681
69,680
69,679
69,678
69,677
69,676
69,675
69,674
69,673
69,672
69,671
69,670
69,669
69,668
69,667
69,666
69,665
69,664
69,663
69,662
69,661
69,660
69,659
69,3
66,3
65,3
64,3
63,3
60,6
60,5
60,4
60,3
59,6
59,5
59,4
59,3
4,3
2,3
1,3
0,9
0,1
0,432
0,300
0,431
0,299
0,440
0,298
0,429
0,297
0,428
0,296
0,427
0,295
0,437
0,294
0,425
0,293
0,424
0,292
0,423
0,291
0,422
0,290
0,421
0,289
0,420
0,288
0,419
0,287
0,418
0,286
0,417
0,285
0,416
0,284
0,415
0,283
0,414
0,282
0,413
0,281
0,412
0,280
0,411
0,279
0,409
0,278
0,408
0,277
0,407
0,276
0,406
0,275
0,405
0,274
0,404
0,273
0,403
0,272
0,402
0,271
0,401
0,270
69,752
69,753
69,755
69,756
69,758
69,759
69,761
69,763
69,764
69,766
69,767
69,769
69,771
69,772
69,774
69,775
69,777
69,778
69,780
69,782
69,783
69,785
69,786
69,788
69,790
69,791
69,793
69,794
69,796
69,797
69,799
69,801
69,802
69,804
69,805
69,807
69,809
69,810
69,812
69,813
69,815
69,816
69,818
69,820
69,821
69,823
69,824
69,826
69,828
69,829
69,831
69,832
69,834
69,836
69,837
69,839
69,840
69,842
69,843
69,845
69,847
69,848
69,850
69,851
69,853
69,855
69,856
69,858
69,859
69,861
69,862
69,864
69,866
69,867
69,869
69,870
69,872
69,874
69,875
69,877
69,878
69,880
69,881
69,883
69,885
69,886
69,888
69,889
69,891
69,893
69,894
69,896
69,897
69,899
69,901
69,902
69,904
69,905
69,907
69,908
69,910
69,912
69,913
69,915
69,916
69,918
69,920
69,921
69,923
69,924
69,926
69,927
69,929
69,931
69,932
69,934
69,935
69,937
69,939
69,940
69,942
69,943
69,945
69,946
69,948
69,950
69,951
69,953
69,954
69,956
69,958
69,959
69,961
69,962
69,964
69,965
69,967
69,969
69,970
69,972
69,973
69,975
69,977
69,978
69,980
69,981
69,983
69,985
69,986
69,988
69,989
69,991
69,992
69,994
69,996
69,997
69,999
69,1000
69,1002
69,1004
69,1005
69,1007
69,1008
69,1010
69,1011
69,1013
69,1015
69,1016
69,1018
69,1019
69,1021
69,1023
69,1024
69,1026
69,1027
69,1029
69,1030
69,1032
69,1034
69,1035
69,1037
69,1038
69,1040
69,1042
69,1043
69,1045
69,1046
69,1048
69,1050
69,1051
69,1053
69,1054
69,1056
69,1057
69,1059
69,1061
69,1062
69,1064
69,1065
69,1067
69,1069
69,1070
69,1072
69,1073
69,1075
69,1076
69,1078
69,1080
69,1081
69,1083
69,1084
69,1086
69,1088
69,1089
69,1091
69,1092
69,1094
69,1095
69,1097
69,1099
69,1100
69,1102
69,1103
69,1105
69,1107
69,1108
69,1110
69,1111
69,1113
69,1114
69,1116
69,1118
69,1119
69,1121
69,1122
69,1124
69,1126
69,1127
69,1129
69,1130
69,1132
69,1134
69,1135
69,1137
69,1138
69,1140
69,1141
69,1143
69,1145
69,1146
69,1148
69,1149
69,1151
69,1153
69,1154
69,1156
69,1157
69,1159
69,1160
69,1162
69,1164
69,1165
69,1167
69,1168
69,1170
69,1172
69,1173
69,1175
69,1176
69,1178
69,1179
69,1181
69,1183
69,1184
69,1186
69,1187
69,1189
69,1191
69,1192
69,1194
69,1195
69,1197
69,1199
69,1200
69,1202
69,1203
69,1205
69,1206
69,1208
69,1210
69,1211
69,1213
69,1214
69,1216
69,1218
69,1219
69,1221
69,1222
69,1224
69,1225
69,1227
70,0
70,1
70,3
71,0
71,2
71,4
71,5
73,1
73,2
73,4
73,5
73,7
74,1
74,2
75,0
75,1
75,3
76,1
76,2
77,0
77,1
77,3
78,1
78,2
79,0
79,1
79,3
79,4
80,1
80,3
80,4
81,0
81,1
81,3
82,0
82,1
82,3
82,4
82,6
83,0
83,2
83,4
83,5
84,1
84,2
84,4
84,6
84,7
84,9
84,10
84,12
84,13
84,15
84,17
84,18
84,20
84,21
84,23
84,25
84,26
84,28
84,29
84,31
84,32
84,34
84,36
84,64
84,66
84,67
84,69
84,71
84,72
84,74
84,75
84,77
84,79
84,80
84,82
84,83
84,85
84,86
84,88
84,90
84,91
84,93
84,94
84,96
84,98
84,99
84,101
84,102
84,104
84,105
84,107
84,109
84,110
84,112
84,113
84,115
84,117
84,118
84,120
84,121
84,123
84,124
84,126
84,128
84,129
84,131
84,132
84,134
84,136
84,137
84,139
84,140
84,142
84,144
84,145
84,147
84,148
84,150
84,151
84,153
84,155
84,156
84,158
84,159
84,161
84,163
84,164
84,166
84,167
84,169
84,170
84,172
84,174
84,175
84,177
84,178
84,180
84,182
84,183
84,185
84,186
84,188
84,189
84,191
84,193
84,194
84,196
84,197
84,199
84,201
84,202
84,204
84,205
84,207
84,208
84,210
84,212
84,213
84,215
84,216
84,218
84,220
84,221
84,223
84,224
84,226
84,228
84,229
84,231
84,232
84,234
84,235
84,237
84,239
84,240
84,242
84,243
84,245
84,247
84,248
84,250
84,251
84,253
84,254
84,256
84,258
84,259
84,261
84,262
84,264
84,266
84,267
84,269
84,270
84,272
84,273
84,275
84,277
84,278
84,280
84,281
84,283
84,285
84,320
85,0
85,1
85,3
85,5
85,6
85,8
85,9
85,11
85,10
85,7
85,4
85,2
84,321
84,284
84,282
84,279
84,276
84,274
84,271
84,268
84,265
84,263
84,260
84,257
84,255
84,252
84,249
84,246
84,244
84,241
84,238
84,236
84,233
84,230
84,227
84,225
84,222
84,219
84,217
84,214
84,211
84,209
84,206
84,203
84,200
84,198
84,195
84,192
84,190
84,187
84,184
84,181
84,179
84,176
84,173
84,171
84,168
84,165
84,162
84,160
84,157
84,154
84,152
84,149
84,146
84,143
84,141
84,138
84,135
84,133
84,130
84,127
84,125
84,122
84,119
84,116
84,114
84,111
84,108
84,106
84,103
84,100
84,97
84,95
84,92
84,89
84,87
84,84
84,81
84,78
84,76
84,73
84,70
84,68
84,65
84,35
84,33
84,30
84,27
84,24
84,22
84,19
84,16
84,14
84,11
84,8
84,5
84,3
84,0
83,3
83,1
82,5
82,2
81,4
81,2
80,5
80,2
80,0
79,2
78,3
78,0
77,2
76,3
76,0
75,2
74,3
74,0
73,6
73,3
73,0
71,3
71,1
70,2
69,1228
69,1226
69,1223
69,1220
69,1217
69,1215
69,1212
69,1209
69,1207
69,1204
69,1201
69,1198
69,1196
69,1193
69,1190
69,1188
69,1185
69,1182
69,1180
69,1177
69,1174
69,1171
69,1169
69,1166
69,1163
69,1161
69,1158
69,1155
69,1152
69,1150
69,1147
69,1144
69,1142
69,1139
69,1136
69,1133
69,1131
69,1128
69,1125
69,1123
69,1120
69,1117
69,1115
69,1112
69,1109
69,1106
69,1104
69,1101
69,1098
69,1096
69,1093
69,1090
69,1087
69,1085
69,1082
69,1079
69,1077
69,1074
69,1071
69,1068
69,1066
69,1063
69,1060
69,1058
69,1055
69,1052
69,1049
69,1047
69,1044
69,1041
69,1039
69,1036
69,1033
69,1031
69,1028
69,1025
69,1022
69,1020
69,1017
69,1014
69,1012
69,1009
69,1006
69,1003
69,1001
69,998
69,995
69,993
69,990
69,987
69,984
69,982
69,979
69,976
69,974
69,971
69,968
69,966
69,963
69,960
69,957
69,955
69,952
69,949
69,947
69,944
69,941
69,938
69,936
69,933
69,930
69,928
69,925
69,922
69,919
69,917
69,914
69,911
69,909
69,906
69,903
69,900
69,898
69,895
69,892
69,890
69,887
69,884
69,882
69,879
69,876
69,873
69,871
69,868
69,865
69,863
69,860
69,857
69,854
69,852
69,849
69,846
69,844
69,841
69,838
69,835
69,833
69,830
69,827
69,825
69,822
69,819
69,817
69,814
69,811
69,808
69,806
69,803
69,800
69,798
69,795
69,792
69,789
69,787
69,784
69,781
69,779
69,776
69,773
69,770
69,768
69,765
69,762
69,760
69,757
69,754
0,400
0,269
0,399
0,268
0,398
0,267
0,397
0,266
0,396
0,265
0,395
0,264
0,394
0,263
0,393
0,262
0,392
0,261
0,391
0,260
0,390
0,259
0,389
0,258
0,388
0,257
0,387
0,256
0,386
0,255
0,385
0,254
0,384
0,253
0,314
0,252
0,383
0,251
0,382
0,250
0,381
0,249
0,380
0,248
0,379
0,247
0,378
0,246
0,377
0,245
0,376
0,244
0,375
0,242
0,374
0,241
0,373
0,240
0,372
0,239
0,371
0,238
0,370
0,237
0,369
0,236
0,368
0,235
0,367
0,234
0,366
0,233
0,365
0,232
0,364
0,231
0,363
0,230
0,436
0,229
0,362
0,228
0,361
0,227
0,360
0,226
0,359
0,225
0,358
0,224
0,357
0,223
0,356
0,222
0,355
0,221
0,354
0,220
0,353
0,219
0,352
0,218
0,435
0,217
0,350
0,216
0,349
0,215
0,348
0,214
0,347
0,213
0,346
0,212
0,345
0,211
0,344
0,210
0,434
0,209
0,342
0,208
0,341
0,207
0,340
0,206
0,334
0,205
0,339
0,204
0,338
0,203
0,337
0,202
0,336
0,201
0,335
0,200
0,438
0,199
0,333
0,198
0,332
0,197
0,331
0,196
0,330
0,195
0,329
0,194
0,328
0,193
0,327
0,192
0,326
0,63
0,325
0,62
0,323
0,61
0,322
0,60
0,321
0,59
0,320
0,58
0,319
0,57
0,318
0,56
0,317
0,55
0,316
0,54
0,315
0,53
0,433
0,52
0,313
0,51
0,312
0,50
0,311
0,49
0,310
0,48
0,309
0,47
0,308
0,46
0,307
0,45
0,301
0,6
0,5
0,304
0,303
0,306
0,305
0,302
0,12
0,10
0,8
0,11
0,4
0,2
0,3
0,7
